1.000000000000000056e-01 1.999957238737181075e-37
1.099900000000000100e+00 1.994836102840811742e-37
2.099800000000000111e+00 1.981269313589817257e-37
3.099699999999999900e+00 1.959497391228445442e-37
4.099599999999999689e+00 1.929900835905674354e-37
5.099499999999999922e+00 1.892986055231436788e-37
6.099399999999999267e+00 1.849367164799802012e-37
7.099299999999999500e+00 1.799744756201910583e-37
8.099199999999999733e+00 1.744882846034693102e-37
9.099099999999999966e+00 1.685585237096248047e-37
1.009900000000000020e+01 1.622672446998841907e-37
1.109890000000000043e+01 1.556960206691440123e-37
1.209879999999999889e+01 1.489240324711809520e-37
1.309869999999999912e+01 1.420264477588683366e-37
1.409859999999999935e+01 1.350731246880114863e-37
1.509849999999999959e+01 1.281276499405003785e-37
1.609840000000000160e+01 1.212467014539331737e-37
1.709830000000000183e+01 1.144797110321948929e-37
1.809820000000000206e+01 1.078687912202004213e-37
1.909810000000000230e+01 1.014488843454046081e-37
2.009800000000000253e+01 9.524808899657215378e-38
2.109790000000000276e+01 8.928811974662683059e-38
2.209780000000000300e+01 8.358485885580017152e-38
2.309770000000000323e+01 7.814896324215689361e-38
2.409759999999999991e+01 7.298649548131017644e-38
2.509750000000000014e+01 6.809955341409379073e-38
2.609740000000000038e+01 6.348687865185488704e-38
2.709730000000000061e+01 5.914442955789307251e-38
2.809720000000000084e+01 5.506590895328218114e-38
2.909710000000000107e+01 5.124324074737155631e-38
3.009700000000000131e+01 4.766699290515228640e-38
3.109690000000000154e+01 4.432674666695386267e-38
3.209680000000000177e+01 4.121141379695314477e-38
3.309669999999999845e+01 3.830950494112513143e-38
3.409660000000000224e+01 3.560935301501845674e-38
3.509649999999999892e+01 3.309929600814839850e-38
3.609640000000000271e+01 3.076782376902204636e-38
3.709629999999999939e+01 2.860369329698794208e-38
3.809620000000000317e+01 2.659601687704257678e-38
3.909609999999999985e+01 2.473432710282107688e-38
4.009600000000000364e+01 2.300862248193958603e-38
4.109590000000000032e+01 2.140939693781472912e-38
4.209580000000000410e+01 1.992765613608275857e-38
4.309570000000000078e+01 1.855492318807217067e-38
4.409560000000000457e+01 1.728323592934065346e-38
4.509550000000000125e+01 1.610513764475706908e-38
4.609540000000000504e+01 1.501366281650076492e-38
4.709530000000000172e+01 1.400231920884329869e-38
4.809519999999999840e+01 1.306506737321749317e-38
4.909510000000000218e+01 1.219629845731356129e-38
5.009499999999999886e+01 1.139081103054132845e-38
5.109490000000000265e+01 1.064378749256066807e-38
5.209479999999999933e+01 9.950770508964265360e-39
5.309470000000000312e+01 9.307639815861761259e-39
5.409459999999999980e+01 8.710589650445672078e-39
5.509450000000000358e+01 8.156106995177570191e-39
5.609440000000000026e+01 7.640950766798116661e-39
5.709430000000000405e+01 7.162132035945263285e-39
5.809420000000000073e+01 6.716895327005852933e-39
5.909410000000000451e+01 6.302701019389081817e-39
6.009400000000000119e+01 5.917208849372815000e-39
6.109390000000000498e+01 5.558262494895551496e-39
6.209380000000000166e+01 5.223875213184609109e-39
6.309370000000000545e+01 4.912216492106623338e-39
6.409359999999999502e+01 4.621599669917961613e-39
6.509349999999999170e+01 4.350470474108733842e-39
6.609339999999998838e+01 4.097396427803874773e-39
6.709329999999999927e+01 3.861057071318744393e-39
6.809319999999999595e+01 3.640234946647823274e-39
6.909309999999999263e+01 3.433807293633818029e-39
7.009299999999998931e+01 3.240738408112726201e-39
7.109290000000000020e+01 3.060072614289714812e-39
7.209279999999999688e+01 2.890927805838346076e-39
7.309269999999999357e+01 2.732489512625837577e-39
7.409259999999999025e+01 2.584005452468078614e-39
7.509250000000000114e+01 2.444780529846116732e-39
7.609239999999999782e+01 2.314172246023108841e-39
7.709229999999999450e+01 2.191586487451458866e-39
7.809219999999999118e+01 2.076473661727838106e-39
7.909210000000000207e+01 1.968325152621349345e-39
8.009199999999999875e+01 1.866670067855029898e-39
8.109189999999999543e+01 1.771072255356431750e-39
8.209179999999999211e+01 1.681127565605732446e-39
8.309169999999998879e+01 1.596461339499489449e-39
8.409159999999999968e+01 1.516726102816254699e-39
8.509149999999999636e+01 1.441599449920502769e-39
8.609139999999999304e+01 1.370782100777850421e-39
8.709129999999998972e+01 1.303996116682694745e-39
8.809120000000000061e+01 1.240983261325000118e-39
8.909109999999999729e+01 1.181503494951740308e-39
9.009099999999999397e+01 1.125333590416762115e-39
9.109089999999999065e+01 1.072265860866512987e-39
9.209080000000000155e+01 1.022106989683988376e-39
9.309069999999999823e+01 9.746769541153745119e-40
9.409059999999999491e+01 9.298080347383451976e-40
9.509049999999999159e+01 8.873439036033252014e-40
9.609039999999998827e+01 8.471387844939086838e-40
9.709029999999999916e+01 8.090566793148573115e-40
9.809019999999999584e+01 7.729706551298338995e-40
9.909009999999999252e+01 7.387621868403543957e-40
1.000899999999999892e+02 7.063205509261140522e-40
1.010899000000000001e+02 6.755422660582262468e-40
1.020897999999999968e+02 6.463305767542473107e-40
1.030896999999999935e+02 6.185949765700692525e-40
1.040895999999999901e+02 5.922507676215475537e-40
1.050895000000000010e+02 5.672186535005311909e-40
1.060893999999999977e+02 5.434243628980816798e-40
1.070892999999999944e+02 5.207983014742106873e-40
1.080891999999999911e+02 4.992752297202157869e-40
1.090891000000000020e+02 4.787939647485897515e-40
1.100889999999999986e+02 4.592971041178544832e-40
1.110888999999999953e+02 4.407307699572273383e-40
1.120887999999999920e+02 4.230443717998873210e-40
1.130886999999999887e+02 4.061903866650941573e-40
1.140885999999999996e+02 3.901241550495796815e-40
1.150884999999999962e+02 3.748036915984670888e-40
1.160883999999999929e+02 3.601895093264244374e-40
1.170882999999999896e+02 3.462444563516322504e-40
1.180882000000000005e+02 3.329335641891942953e-40
1.190880999999999972e+02 3.202239067275373601e-40
1.200879999999999939e+02 3.080844690817738633e-40
1.210878999999999905e+02 2.964860255824779945e-40
1.220878000000000014e+02 2.854010262173953007e-40
1.230876999999999981e+02 2.748034908977342972e-40
1.240875999999999948e+02 2.646689109702929878e-40
1.250874999999999915e+02 2.549741574421802023e-40
1.260874000000000024e+02 2.456973954265944309e-40
1.270872999999999990e+02 2.368180043564413431e-40
1.280871999999999957e+02 2.283165035476805749e-40
1.290870999999999924e+02 2.201744827265953208e-40
1.300869999999999891e+02 2.123745371647903406e-40
1.310868999999999858e+02 2.049002070929840642e-40
1.320867999999999824e+02 1.977359210896793501e-40
1.330867000000000075e+02 1.908669431638342259e-40
1.340866000000000042e+02 1.842793232718204352e-40
1.350865000000000009e+02 1.779598510284543701e-40
1.360863999999999976e+02 1.718960123898230492e-40
1.370862999999999943e+02 1.660759491021499554e-40
1.380861999999999910e+02 1.604884207261688358e-40
1.390860999999999876e+02 1.551227690604981003e-40
1.400859999999999843e+02 1.499688848004448481e-40
1.410859000000000094e+02 1.450171762805948111e-40
1.420858000000000061e+02 1.402585401605494674e-40
1.430857000000000028e+02 1.356843339233289527e-40
1.440855999999999995e+02 1.312863500653382936e-40
1.450854999999999961e+02 1.270567918654604222e-40
1.460853999999999928e+02 1.229882506288388613e-40
1.470852999999999895e+02 1.190736843083164158e-40
1.480851999999999862e+02 1.153063974133358083e-40
1.490850999999999829e+02 1.116800221224391667e-40
1.500850000000000080e+02 1.081885005213562083e-40
1.510849000000000046e+02 1.048260678940989941e-40
1.520848000000000013e+02 1.015872369994933392e-40
1.530846999999999980e+02 9.846678327023531873e-41
1.540845999999999947e+02 9.545973087586816981e-41
1.550844999999999914e+02 9.256133959506919582e-41
1.560843999999999880e+02 8.976709244634629968e-41
1.570842999999999847e+02 8.707268402967513606e-41
1.580842000000000098e+02 8.447400953480542393e-41
1.590841000000000065e+02 8.196715437491963959e-41
1.600840000000000032e+02 7.954838440708242591e-41
1.610838999999999999e+02 7.721413670347387394e-41
1.620837999999999965e+02 7.496101083977082221e-41
1.630836999999999932e+02 7.278576066925343762e-41
1.640835999999999899e+02 7.068528655326261450e-41
1.650834999999999866e+02 6.865662802054659046e-41
1.660833999999999833e+02 6.669695682981021396e-41
1.670833000000000084e+02 6.480357041143816381e-41
1.680832000000000050e+02 6.297388566589946750e-41
1.690831000000000017e+02 6.120543309778019846e-41
1.700829999999999984e+02 5.949585126572741055e-41
1.710828999999999951e+02 5.784288152983147889e-41
1.720827999999999918e+02 5.624436307914112766e-41
1.730826999999999884e+02 5.469822822308530249e-41
1.740825999999999851e+02 5.320249793159084197e-41
1.750825000000000102e+02 5.175527760962707509e-41
1.760824000000000069e+02 5.035475309279207940e-41
1.770823000000000036e+02 4.899918685137606504e-41
1.780822000000000003e+02 4.768691439110918082e-41
1.790820999999999970e+02 4.641634083951893475e-41
1.800819999999999936e+02 4.518593770749279900e-41
1.810818999999999903e+02 4.399423981627311219e-41
1.820817999999999870e+02 4.283984238069579878e-41
1.830816999999999837e+02 4.172139824003710876e-41
1.840816000000000088e+02 4.063761522834536756e-41
1.850815000000000055e+02 3.958725367661746118e-41
1.860814000000000021e+02 3.856912403963113363e-41
1.870812999999999988e+02 3.758208464066649874e-41
1.880811999999999955e+02 3.662503952774658570e-41
1.890810999999999922e+02 3.569693643539766037e-41
1.900809999999999889e+02 3.479676484627891353e-41
1.910808999999999855e+02 3.392355414735661763e-41
1.920807999999999822e+02 3.307637187560500726e-41
1.930807000000000073e+02 3.225432204850295072e-41
1.940806000000000040e+02 3.145654357486533739e-41
1.950805000000000007e+02 3.068220874180195011e-41
1.960803999999999974e+02 2.993052177383346026e-41
1.970802999999999940e+02 2.920071746041879123e-41
1.980801999999999907e+02 2.849205984835673793e-41
1.990800999999999874e+02 2.780384099572368991e-41
2.000799999999999841e+02 2.713537978419342197e-41
2.010799000000000092e+02 2.648602078676008925e-41
2.020798000000000059e+02 2.585513318805008365e-41
2.030797000000000025e+02 2.524210975456156403e-41
2.040795999999999992e+02 2.464636585231770000e-41
2.050794999999999959e+02 2.406733850955446258e-41
2.060793999999999926e+02 2.350448552219466291e-41
2.070792999999999893e+02 2.295728459997947312e-41
2.080791999999999859e+02 2.242523255124436022e-41
2.090790999999999826e+02 2.190784450443358283e-41
2.100790000000000077e+02 2.140465316454864187e-41
2.110789000000000044e+02 2.091520810282271255e-41
2.120788000000000011e+02 2.043907507800231293e-41
2.130786999999999978e+02 1.997583538770371590e-41
2.140785999999999945e+02 1.952508524839104414e-41
2.150784999999999911e+02 1.908643520259941281e-41
2.160783999999999878e+02 1.865950955209809716e-41
2.170782999999999845e+02 1.824394581575568889e-41
2.180782000000000096e+02 1.783939421093400670e-41
2.190781000000000063e+02 1.744551715729679218e-41
2.200780000000000030e+02 1.706198880197718018e-41
2.210778999999999996e+02 1.668849456510093032e-41
2.220777999999999963e+02 1.632473070471400997e-41
2.230776999999999930e+02 1.597040390021060827e-41
2.240775999999999897e+02 1.562523085340379174e-41
2.250774999999999864e+02 1.528893790642367370e-41
2.260773999999999830e+02 1.496126067566850552e-41
2.270773000000000081e+02 1.464194370107349965e-41
2.280772000000000048e+02 1.433074010999747138e-41
2.290771000000000015e+02 1.402741129506309234e-41
2.300769999999999982e+02 1.373172660531827265e-41
2.310768999999999949e+02 1.344346305011803532e-41
2.320767999999999915e+02 1.316240501515478452e-41
2.330766999999999882e+02 1.288834399009332821e-41
2.340765999999999849e+02 1.262107830729306601e-41
2.350765000000000100e+02 1.236041289112456198e-41
2.360764000000000067e+02 1.210615901741196762e-41
2.370763000000000034e+02 1.185813408255450294e-41
2.380762000000000000e+02 1.161616138190225172e-41
2.390760999999999967e+02 1.138006989698094385e-41
2.400759999999999934e+02 1.114969409118046288e-41
2.410758999999999901e+02 1.092487371353909488e-41
2.420757999999999868e+02 1.070545361027362336e-41
2.430756999999999834e+02 1.049128354372129839e-41
2.440756000000000085e+02 1.028221801837529977e-41
2.450755000000000052e+02 1.007811611371050853e-41
2.460754000000000019e+02 9.878841323509886062e-42
2.470752999999999986e+02 9.684261401415614049e-42
2.480751999999999953e+02 9.494248212441571468e-42
2.490750999999999920e+02 9.308677590195825214e-42
2.500749999999999886e+02 9.127429199573428724e-42
2.510748999999999853e+02 8.950386404690473883e-42
2.520748000000000104e+02 8.777436141840999856e-42
2.530747000000000071e+02 8.608468797268042161e-42
2.540746000000000038e+02 8.443378089549504507e-42
2.550745000000000005e+02 8.282060956408635672e-42
2.560744000000000256e+02 8.124417445767158664e-42
2.570743000000000507e+02 7.970350610867386035e-42
2.580742000000000189e+02 7.819766409297289293e-42
2.590741000000000440e+02 7.672573605759758708e-42
2.600740000000000123e+02 7.528683678434559392e-42
2.610739000000000374e+02 7.388010728787581514e-42
2.620738000000000056e+02 7.250471394689192206e-42
2.630737000000000307e+02 7.115984766708488846e-42
2.640735999999999990e+02 6.984472307457089655e-42
2.650735000000000241e+02 6.855857773860644889e-42
2.660734000000000492e+02 6.730067142242192208e-42
2.670733000000000175e+02 6.607028536106115087e-42
2.680732000000000426e+02 6.486672156516220723e-42
2.690731000000000108e+02 6.368930214966243366e-42
2.700730000000000359e+02 6.253736868645068129e-42
2.710729000000000042e+02 6.141028158003555847e-42
2.720728000000000293e+02 6.030741946533181065e-42
2.730726999999999975e+02 5.922817862671171167e-42
2.740726000000000226e+02 5.817197243749790161e-42
2.750725000000000477e+02 5.713823081911330935e-42
2.760724000000000160e+02 5.612639971913365219e-42
2.770723000000000411e+02 5.513594060751974611e-42
2.780722000000000094e+02 5.416632999033894456e-42
2.790721000000000345e+02 5.321705894030997205e-42
2.800720000000000027e+02 5.228763264353669397e-42
2.810719000000000278e+02 5.137756996181836808e-42
2.820718000000000529e+02 5.048640300995322949e-42
2.830717000000000212e+02 4.961367674747225131e-42
2.840716000000000463e+02 4.875894858426422692e-42
2.850715000000000146e+02 4.792178799957779662e-42
2.860714000000000397e+02 4.710177617390037238e-42
2.870713000000000079e+02 4.629850563324160278e-42
2.880712000000000330e+02 4.551157990536170711e-42
2.890711000000000013e+02 4.474061318750798063e-42
2.900710000000000264e+02 4.398523002523615425e-42
2.910709000000000515e+02 4.324506500191403465e-42
2.920708000000000197e+02 4.251976243851764588e-42
2.930707000000000448e+02 4.180897610334653485e-42
2.940706000000000131e+02 4.111236893130136241e-42
2.950705000000000382e+02 4.042961275237686210e-42
2.960704000000000065e+02 3.976038802904148610e-42
2.970703000000000316e+02 3.910438360218394757e-42
2.980701999999999998e+02 3.846129644532188174e-42
2.990701000000000249e+02 3.783083142677832435e-42
3.000700000000000500e+02 3.721270107954353942e-42
3.010699000000000183e+02 3.660662537855040868e-42
3.020698000000000434e+02 3.601233152510192415e-42
3.030697000000000116e+02 3.542955373820056034e-42
3.040696000000000367e+02 3.485803305253578293e-42
3.050695000000000050e+02 3.429751712289950481e-42
3.060694000000000301e+02 3.374776003480379315e-42
3.070692999999999984e+02 3.320852212108707257e-42
3.080692000000000235e+02 3.267956978430062660e-42
3.090691000000000486e+02 3.216067532467657313e-42
3.100690000000000168e+02 3.165161677348521238e-42
3.110689000000000419e+02 3.115217773159681506e-42
3.120688000000000102e+02 3.066214721307078154e-42
3.130687000000000353e+02 3.018131949359930906e-42
3.140686000000000035e+02 2.970949396364264442e-42
3.150685000000000286e+02 2.924647498609510281e-42
3.160684000000000538e+02 2.879207175833023514e-42
3.170683000000000220e+02 2.834609817847714222e-42
3.180682000000000471e+02 2.790837271578571430e-42
3.190681000000000154e+02 2.747871828494457056e-42
3.200680000000000405e+02 2.705696212421895584e-42
3.210679000000000087e+02 2.664293567728253958e-42
3.220678000000000338e+02 2.623647447861944522e-42
3.230677000000000021e+02 2.583741804237946885e-42
3.240676000000000272e+02 2.544560975457171751e-42
3.250675000000000523e+02 2.506089676848763919e-42
3.260674000000000206e+02 2.468312990324701954e-42
3.270673000000000457e+02 2.431216354536504163e-42
3.280672000000000139e+02 2.394785555324216598e-42
3.290671000000000390e+02 2.359006716448130258e-42
3.300670000000000073e+02 2.323866290594111521e-42
3.310669000000000324e+02 2.289351050643687550e-42
3.320668000000000006e+02 2.255448081200352190e-42
3.330667000000000257e+02 2.222144770363855089e-42
3.340666000000000508e+02 2.189428801744540149e-42
3.350665000000000191e+02 2.157288146710066373e-42
3.360664000000000442e+02 2.125711056857079348e-42
3.370663000000000125e+02 2.094686056700731997e-42
3.380662000000000376e+02 2.064201936575104883e-42
3.390661000000000058e+02 2.034247745737910926e-42
3.400660000000000309e+02 2.004812785673000003e-42
3.410658999999999992e+02 1.975886603584498485e-42
3.420658000000000243e+02 1.947458986076541752e-42
3.430657000000000494e+02 1.919519953012818990e-42
3.440656000000000176e+02 1.892059751550337887e-42
3.450655000000000427e+02 1.865068850341967534e-42
3.460654000000000110e+02 1.838537933902564469e-42
3.470653000000000361e+02 1.812457897133602120e-42
3.480652000000000044e+02 1.786819840001431352e-42
3.490651000000000295e+02 1.761615062364454627e-42
3.500650000000000546e+02 1.736835058944639089e-42
3.510649000000000228e+02 1.712471514438970967e-42
3.520648000000000479e+02 1.688516298766563997e-42
3.530647000000000162e+02 1.664961462447345444e-42
3.540646000000000413e+02 1.641799232108261157e-42
3.550645000000000095e+02 1.619022006113216091e-42
3.560644000000000347e+02 1.596622350312965391e-42
3.570643000000000029e+02 1.574592993911389773e-42
3.580642000000000280e+02 1.552926825444625213e-42
3.590641000000000531e+02 1.531616888869711972e-42
3.600640000000000214e+02 1.510656379759469079e-42
3.610639000000000465e+02 1.490038641600436753e-42
3.620638000000000147e+02 1.469757162190847171e-42
3.630637000000000398e+02 1.449805570135632998e-42
3.640636000000000081e+02 1.430177631435649628e-42
3.650635000000000332e+02 1.410867246168287533e-42
3.660634000000000015e+02 1.391868445256841491e-42
3.670633000000000266e+02 1.373175387326007628e-42
3.680632000000000517e+02 1.354782355640993402e-42
3.690631000000000199e+02 1.336683755127823351e-42
3.700630000000000450e+02 1.318874109472456679e-42
3.710629000000000133e+02 1.301348058296459766e-42
3.720628000000000384e+02 1.284100354406992114e-42
3.730627000000000066e+02 1.267125861118992809e-42
3.740626000000000317e+02 1.250419549647460161e-42
3.750625000000000000e+02 1.233976496567840640e-42
3.760624000000000251e+02 1.217791881342564747e-42
3.770623000000000502e+02 1.201860983911845022e-42
3.780622000000000185e+02 1.186179182346905411e-42
3.790621000000000436e+02 1.170741950563873187e-42
3.800620000000000118e+02 1.155544856096611446e-42
3.810619000000000369e+02 1.140583557926830109e-42
3.820618000000000052e+02 1.125853804369863219e-42
3.830617000000000303e+02 1.111351431014536007e-42
3.840615999999999985e+02 1.097072358715622318e-42
3.850615000000000236e+02 1.083012591637414311e-42
3.860614000000000487e+02 1.069168215346968917e-42
3.870613000000000170e+02 1.055535394955664482e-42
3.880612000000000421e+02 1.042110373307718098e-42
3.890611000000000104e+02 1.028889469214365256e-42
3.900610000000000355e+02 1.015869075732435452e-42
3.910609000000000037e+02 1.003045658486112706e-42
3.920608000000000288e+02 9.904157540306781852e-43
3.930607000000000539e+02 9.779759682570998677e-43
3.940606000000000222e+02 9.657229748363347981e-43
3.950605000000000473e+02 9.536535137022781631e-43
3.960604000000000156e+02 9.417643895722972262e-43
3.970603000000000407e+02 9.300524705043256082e-43
3.980602000000000089e+02 9.185146864895392745e-43
3.990601000000000340e+02 9.071480280796457902e-43
4.000600000000000023e+02 8.959495450478516970e-43
4.010599000000000274e+02 8.849163450826085539e-43
4.020598000000000525e+02 8.740455925132564994e-43
4.030597000000000207e+02 8.633345070667034765e-43
4.040596000000000458e+02 8.527803626543274813e-43
4.050595000000000141e+02 8.423804861882823491e-43
4.060594000000000392e+02 8.321322564264328374e-43
4.070593000000000075e+02 8.220331028451581424e-43
4.080592000000000326e+02 8.120805045392884795e-43
4.090591000000000008e+02 8.022719891484581545e-43
4.100590000000000259e+02 7.926051318091754398e-43
4.110589000000000510e+02 7.830775541319473251e-43
4.120588000000000193e+02 7.736869232027784156e-43
4.130587000000000444e+02 7.644309506084374871e-43
4.140586000000000126e+02 7.553073914848480882e-43
4.150585000000000377e+02 7.463140435880105607e-43
4.160584000000000060e+02 7.374487463868749541e-43
4.170583000000000311e+02 7.287093801775825608e-43
4.180581999999999994e+02 7.200938652185446145e-43
4.190581000000000245e+02 7.116001608857997753e-43
4.200580000000000496e+02 7.032262648481478580e-43
4.210579000000000178e+02 6.949702122615332899e-43
4.220578000000000429e+02 6.868300749822050673e-43
4.230577000000000112e+02 6.788039607981604692e-43
4.240576000000000363e+02 6.708900126784084594e-43
4.250575000000000045e+02 6.630864080396090221e-43
4.260574000000000296e+02 6.553913580296307352e-43
4.270573000000000548e+02 6.478031068276173956e-43
4.280572000000000230e+02 6.403199309601336420e-43
4.290571000000000481e+02 6.329401386329892300e-43
4.300570000000000164e+02 6.256620690783463960e-43
4.310569000000000415e+02 6.184840919167314721e-43
4.320568000000000097e+02 6.114046065335712772e-43
4.330567000000000348e+02 6.044220414698948835e-43
4.340566000000000031e+02 5.975348538268526671e-43
4.350565000000000282e+02 5.907415286836957908e-43
4.360564000000000533e+02 5.840405785288974997e-43
4.370563000000000216e+02 5.774305427040851070e-43
4.380562000000000467e+02 5.709099868604604654e-43
4.390561000000000149e+02 5.644775024274106190e-43
4.400560000000000400e+02 5.581317060930042749e-43
4.410559000000000083e+02 5.518712392960830366e-43
4.420558000000000334e+02 5.456947677296627932e-43
4.430557000000000016e+02 5.396009808553737230e-43
4.440556000000000267e+02 5.335885914286609146e-43
4.450555000000000518e+02 5.276563350344936612e-43
4.460554000000000201e+02 5.218029696333257420e-43
4.470553000000000452e+02 5.160272751170513216e-43
4.480552000000000135e+02 5.103280528747251471e-43
4.490551000000000386e+02 5.047041253678082411e-43
4.500550000000000068e+02 4.991543357147068161e-43
4.510549000000000319e+02 4.936775472843828919e-43
4.520548000000000002e+02 4.882726432988262474e-43
4.530547000000000253e+02 4.829385264441606126e-43
4.540546000000000504e+02 4.776741184901957953e-43
4.550545000000000186e+02 4.724783599182154576e-43
4.560544000000000437e+02 4.673502095568003669e-43
4.570543000000000120e+02 4.622886442255093344e-43
4.580542000000000371e+02 4.572926583862222086e-43
4.590541000000000054e+02 4.523612638019684097e-43
4.600540000000000305e+02 4.474934892030607460e-43
4.610539000000000556e+02 4.426883799603728932e-43
4.620538000000000238e+02 4.379449977655762168e-43
4.630537000000000489e+02 4.332624203181908850e-43
4.640536000000000172e+02 4.286397410192821668e-43
4.650535000000000423e+02 4.240760686716464285e-43
4.660534000000000106e+02 4.195705271863417788e-43
4.670533000000000357e+02 4.151222552954139287e-43
4.680532000000000039e+02 4.107304062706688715e-43
4.690531000000000290e+02 4.063941476483617484e-43
4.700530000000000541e+02 4.021126609596582027e-43
4.710529000000000224e+02 3.978851414667373508e-43
4.720528000000000475e+02 3.937107979044088423e-43
4.730527000000000157e+02 3.895888522271171195e-43
4.740526000000000408e+02 3.855185393612055894e-43
4.750525000000000091e+02 3.814991069623271183e-43
4.760524000000000342e+02 3.775298151778790602e-43
4.770523000000000025e+02 3.736099364143505832e-43
4.780522000000000276e+02 3.697387551094696629e-43
4.790521000000000527e+02 3.659155675090439631e-43
4.800520000000000209e+02 3.621396814483840051e-43
4.810519000000000460e+02 3.584104161382115287e-43
4.820518000000000143e+02 3.547271019549505283e-43
4.830517000000000394e+02 3.510890802352970158e-43
4.840516000000000076e+02 3.474957030749806855e-43
4.850515000000000327e+02 3.439463331316183167e-43
4.860514000000000010e+02 3.404403434315693814e-43
4.870513000000000261e+02 3.369771171807062373e-43
4.880512000000000512e+02 3.335560475790076219e-43
4.890511000000000195e+02 3.301765376388992976e-43
4.900510000000000446e+02 3.268380000072453075e-43
4.910509000000000128e+02 3.235398567909240061e-43
4.920508000000000379e+02 3.202815393858995325e-43
4.930507000000000062e+02 3.170624883097164005e-43
4.940506000000000313e+02 3.138821530373392633e-43
4.950505000000000564e+02 3.107399918402692692e-43
4.960504000000000246e+02 3.076354716288583111e-43
4.970503000000000497e+02 3.045680677977578034e-43
4.980502000000000180e+02 3.015372640744308154e-43
4.990501000000000431e+02 2.985425523706598947e-43
5.000500000000000114e+02 2.955834326369904012e-43
5.010499000000000365e+02 2.926594127200356718e-43
5.020498000000000047e+02 2.897700082225971779e-43
5.030497000000000298e+02 2.869147423665238458e-43
5.040496000000000549e+02 2.840931458582609137e-43
5.050495000000000232e+02 2.813047567570300598e-43
5.060494000000000483e+02 2.785491203455742881e-43
5.070493000000000166e+02 2.758257890034332020e-43
5.080492000000000417e+02 2.731343220826687719e-43
5.090491000000000099e+02 2.704742857860110892e-43
5.100490000000000350e+02 2.678452530473611390e-43
5.110489000000000033e+02 2.652468034146033581e-43
5.120488000000000284e+02 2.626785229346778730e-43
5.130487000000000535e+02 2.601400040408703627e-43
5.140486000000000786e+02 2.576308454422607997e-43
5.150484999999999900e+02 2.551506520152996454e-43
5.160484000000000151e+02 2.526990346974548668e-43
5.170483000000000402e+02 2.502756103828954806e-43
5.180482000000000653e+02 2.478800018201610479e-43
5.190480999999999767e+02 2.455118375117819076e-43
5.200480000000000018e+02 2.431707516158049887e-43
5.210479000000000269e+02 2.408563838491888358e-43
5.220478000000000520e+02 2.385683793930257922e-43
5.230477000000000771e+02 2.363063887995572873e-43
5.240475999999999885e+02 2.340700679009394146e-43
5.250475000000000136e+02 2.318590777197272564e-43
5.260474000000000387e+02 2.296730843810447795e-43
5.270473000000000638e+02 2.275117590263955359e-43
5.280471999999999753e+02 2.253747777290913876e-43
5.290471000000000004e+02 2.232618214112591483e-43
5.300470000000000255e+02 2.211725757623962692e-43
5.310469000000000506e+02 2.191067311594429482e-43
5.320468000000000757e+02 2.170639825883367308e-43
5.330466999999999871e+02 2.150440295670258259e-43
5.340466000000000122e+02 2.130465760699042561e-43
5.350465000000000373e+02 2.110713304536459814e-43
5.360464000000000624e+02 2.091180053844058559e-43
5.370462999999999738e+02 2.071863177663604151e-43
5.380461999999999989e+02 2.052759886715619281e-43
5.390461000000000240e+02 2.033867432710816194e-43
5.400460000000000491e+02 2.015183107674103191e-43
5.410459000000000742e+02 1.996704243280975416e-43
5.420457999999999856e+02 1.978428210205988460e-43
5.430457000000000107e+02 1.960352417483100492e-43
5.440456000000000358e+02 1.942474311877689370e-43
5.450455000000000609e+02 1.924791377269883487e-43
5.460453999999999724e+02 1.907301134049136268e-43
5.470452999999999975e+02 1.890001138519696211e-43
5.480452000000000226e+02 1.872888982316844249e-43
5.490451000000000477e+02 1.855962291833628388e-43
5.500450000000000728e+02 1.839218727657908033e-43
5.510448999999999842e+02 1.822655984019513265e-43
5.520448000000000093e+02 1.806271788247303984e-43
5.530447000000000344e+02 1.790063900235943121e-43
5.540446000000000595e+02 1.774030111922202131e-43
5.550445000000000846e+02 1.758168246770577100e-43
5.560443999999999960e+02 1.742476159268081066e-43
5.570443000000000211e+02 1.726951734427999674e-43
5.580442000000000462e+02 1.711592887302443483e-43
5.590441000000000713e+02 1.696397562503542599e-43
5.600439999999999827e+02 1.681363733733075538e-43
5.610439000000000078e+02 1.666489403320408444e-43
5.620438000000000329e+02 1.651772601768592740e-43
5.630437000000000580e+02 1.637211387308388208e-43
5.640436000000000831e+02 1.622803845460164104e-43
5.650434999999999945e+02 1.608548088603436964e-43
5.660434000000000196e+02 1.594442255553948115e-43
5.670433000000000447e+02 1.580484511148135716e-43
5.680432000000000698e+02 1.566673045834819327e-43
5.690430999999999813e+02 1.553006075274015760e-43
5.700430000000000064e+02 1.539481839942689647e-43
5.710429000000000315e+02 1.526098604747371643e-43
5.720428000000000566e+02 1.512854658643458238e-43
5.730427000000000817e+02 1.499748314261091058e-43
5.740425999999999931e+02 1.486777907537491757e-43
5.750425000000000182e+02 1.473941797355626467e-43
5.760424000000000433e+02 1.461238365189074553e-43
5.770423000000000684e+02 1.448666014753005468e-43
5.780421999999999798e+02 1.436223171661110990e-43
5.790421000000000049e+02 1.423908283088411392e-43
5.800420000000000300e+02 1.411719817439841343e-43
5.810419000000000551e+02 1.399656264024443296e-43
5.820418000000000802e+02 1.387716132735132716e-43
5.830416999999999916e+02 1.375897953733889973e-43
5.840416000000000167e+02 1.364200277142287904e-43
5.850415000000000418e+02 1.352621672737270996e-43
5.860414000000000669e+02 1.341160729652059550e-43
5.870412999999999784e+02 1.329816056082106133e-43
5.880412000000000035e+02 1.318586278996004364e-43
5.890411000000000286e+02 1.307470043851255620e-43
5.900410000000000537e+02 1.296466014314815432e-43
5.910409000000000788e+02 1.285572871988304241e-43
5.920407999999999902e+02 1.274789316137834748e-43
5.930407000000000153e+02 1.264114063428343520e-43
5.940406000000000404e+02 1.253545847662343636e-43
5.950405000000000655e+02 1.243083419523048172e-43
5.960403999999999769e+02 1.232725546321736491e-43
5.970403000000000020e+02 1.222471011749322910e-43
5.980402000000000271e+02 1.212318615632060440e-43
5.990401000000000522e+02 1.202267173691242780e-43
6.000400000000000773e+02 1.192315517306910954e-43
6.010398999999999887e+02 1.182462493285435735e-43
6.020398000000000138e+02 1.172706963630927080e-43
6.030397000000000389e+02 1.163047805320405451e-43
6.040396000000000640e+02 1.153483910082650781e-43
6.050394999999999754e+02 1.144014184180687287e-43
6.060394000000000005e+02 1.134637548197802745e-43
6.070393000000000256e+02 1.125352936827081140e-43
6.080392000000000507e+02 1.116159298664360650e-43
6.090391000000000759e+02 1.107055596004542516e-43
6.100389999999999873e+02 1.098040804641238022e-43
6.110389000000000124e+02 1.089113913669635721e-43
6.120388000000000375e+02 1.080273925292579331e-43
6.130387000000000626e+02 1.071519854629778258e-43
6.140385999999999740e+02 1.062850729530086000e-43
6.150384999999999991e+02 1.054265590386807038e-43
6.160384000000000242e+02 1.045763489955996129e-43
6.170383000000000493e+02 1.037343493177637135e-43
6.180382000000000744e+02 1.029004676999726242e-43
6.190380999999999858e+02 1.020746130205146477e-43
6.200380000000000109e+02 1.012566953241320389e-43
6.210379000000000360e+02 1.004466258052588098e-43
6.220378000000000611e+02 9.964431679152356601e-44
6.230377000000000862e+02 9.884968172751707513e-44
6.240375999999999976e+02 9.806263515881614357e-44
6.250375000000000227e+02 9.728309271626119334e-44
6.260374000000000478e+02 9.651097110048369544e-44
6.270373000000000729e+02 9.574618806667664928e-44
6.280371999999999844e+02 9.498866240960657482e-44
6.290371000000000095e+02 9.423831394886154124e-44
6.300370000000000346e+02 9.349506351433059216e-44
6.310369000000000597e+02 9.275883293191291468e-44
6.320368000000000848e+02 9.202954500944892607e-44
6.330366999999999962e+02 9.130712352287369638e-44
6.340366000000000213e+02 9.059149320258563759e-44
6.350365000000000464e+02 8.988257972002848786e-44
6.360364000000000715e+02 8.918030967448286701e-44
6.370362999999999829e+02 8.848461058006243477e-44
6.380362000000000080e+02 8.779541085291264058e-44
6.390361000000000331e+02 8.711263979860868949e-44
6.400360000000000582e+02 8.643622759974759649e-44
6.410359000000000833e+02 8.576610530373307457e-44
6.420357999999999947e+02 8.510220481074857702e-44
6.430357000000000198e+02 8.444445886191583521e-44
6.440356000000000449e+02 8.379280102763649261e-44
6.450355000000000700e+02 8.314716569611164713e-44
6.460353999999999814e+02 8.250748806203883423e-44
6.470353000000000065e+02 8.187370411548118330e-44
6.480352000000000317e+02 8.124575063090805053e-44
6.490351000000000568e+02 8.062356515640250823e-44
6.500350000000000819e+02 8.000708600303288280e-44
6.510348999999999933e+02 7.939625223438772401e-44
6.520348000000000184e+02 7.879100365626834102e-44
6.530347000000000435e+02 7.819128080653911424e-44
6.540346000000000686e+02 7.759702494513108256e-44
6.550344999999999800e+02 7.700817804419714314e-44
6.560344000000000051e+02 7.642468277841565767e-44
6.570343000000000302e+02 7.584648251544145942e-44
6.580342000000000553e+02 7.527352130649946201e-44
6.590341000000000804e+02 7.470574387712115851e-44
6.600339999999999918e+02 7.414309561801919181e-44
6.610339000000000169e+02 7.358552257609961796e-44
6.620338000000000420e+02 7.303297144560872603e-44
6.630337000000000671e+02 7.248538955941195514e-44
6.640335999999999785e+02 7.194272488040376363e-44
6.650335000000000036e+02 7.140492599304451749e-44
6.660334000000000287e+02 7.087194209502498541e-44
6.670333000000000538e+02 7.034372298905346210e-44
6.680332000000000789e+02 6.982021907476552980e-44
6.690330999999999904e+02 6.930138134075371991e-44
6.700330000000000155e+02 6.878716135671482436e-44
6.710329000000000406e+02 6.827751126571395091e-44
6.720328000000000657e+02 6.777238377656249431e-44
6.730326999999999771e+02 6.727173215630802226e-44
6.740326000000000022e+02 6.677551022283545874e-44
6.750325000000000273e+02 6.628367233757666729e-44
6.760324000000000524e+02 6.579617339832694068e-44
6.770323000000000775e+02 6.531296883216709269e-44
6.780321999999999889e+02 6.483401458848872253e-44
6.790321000000000140e+02 6.435926713212176566e-44
6.800320000000000391e+02 6.388868343656222024e-44
6.810319000000000642e+02 6.342222097729835657e-44
6.820317999999999756e+02 6.295983772523457306e-44
6.830317000000000007e+02 6.250149214020992170e-44
6.840316000000000258e+02 6.204714316461144242e-44
6.850315000000000509e+02 6.159675021707999633e-44
6.860314000000000760e+02 6.115027318630651693e-44
6.870312999999999874e+02 6.070767242491849001e-44
6.880312000000000126e+02 6.026890874345422288e-44
6.890311000000000377e+02 5.983394340442427568e-44
6.900310000000000628e+02 5.940273811645822263e-44
6.910308999999999742e+02 5.897525502853508050e-44
6.920307999999999993e+02 5.855145672429695621e-44
6.930307000000000244e+02 5.813130621644405164e-44
6.940306000000000495e+02 5.771476694120962177e-44
6.950305000000000746e+02 5.730180275291415922e-44
6.960303999999999860e+02 5.689237791859671434e-44
6.970303000000000111e+02 5.648645711272329110e-44
6.980302000000000362e+02 5.608400541197019789e-44
6.990301000000000613e+02 5.568498829008138757e-44
7.000300000000000864e+02 5.528937161279886060e-44
7.010298999999999978e+02 5.489712163286489678e-44
7.020298000000000229e+02 5.450820498509452239e-44
7.030297000000000480e+02 5.412258868151860113e-44
7.040296000000000731e+02 5.374024010659405386e-44
7.050294999999999845e+02 5.336112701248274075e-44
7.060294000000000096e+02 5.298521751439567008e-44
7.070293000000000347e+02 5.261248008600348956e-44
7.080292000000000598e+02 5.224288355491086077e-44
7.090291000000000849e+02 5.187639709819413898e-44
7.100289999999999964e+02 5.151299023800189055e-44
7.110289000000000215e+02 5.115263283721617678e-44
7.120288000000000466e+02 5.079529509517495282e-44
7.130287000000000717e+02 5.044094754345381912e-44
7.140285999999999831e+02 5.008956104170637881e-44
7.150285000000000082e+02 4.974110677356212562e-44
7.160284000000000333e+02 4.939555624258193198e-44
7.170283000000000584e+02 4.905288126826866809e-44
7.180282000000000835e+02 4.871305398213374848e-44
7.190280999999999949e+02 4.837604682381741552e-44
7.200280000000000200e+02 4.804183253726278980e-44
7.210279000000000451e+02 4.771038416694287092e-44
7.220278000000000702e+02 4.738167505413879598e-44
7.230276999999999816e+02 4.705567883326990345e-44
7.240276000000000067e+02 4.673236942827347161e-44
7.250275000000000318e+02 4.641172104903466930e-44
7.260274000000000569e+02 4.609370818786495655e-44
7.270273000000000820e+02 4.577830561602849700e-44
7.280271999999999935e+02 4.546548838031657220e-44
7.290271000000000186e+02 4.515523179966770771e-44
7.300270000000000437e+02 4.484751146183460614e-44
7.310269000000000688e+02 4.454230322009613995e-44
7.320267999999999802e+02 4.423958319001364197e-44
7.330267000000000053e+02 4.393932774623136958e-44
7.340266000000000304e+02 4.364151351932059951e-44
7.350265000000000555e+02 4.334611739266552651e-44
7.360264000000000806e+02 4.305311649939224508e-44
7.370262999999999920e+02 4.276248821933811618e-44
7.380262000000000171e+02 4.247421017606258913e-44
7.390261000000000422e+02 4.218826023389798522e-44
7.400260000000000673e+02 4.190461649503977505e-44
7.410258999999999787e+02 4.162325729667610578e-44
7.420258000000000038e+02 4.134416120815535331e-44
7.430257000000000289e+02 4.106730702819193373e-44
7.440256000000000540e+02 4.079267378210943780e-44
7.450255000000000791e+02 4.052024071911992376e-44
7.460253999999999905e+02 4.024998730964037385e-44
7.470253000000000156e+02 3.998189324264390025e-44
7.480252000000000407e+02 3.971593842304682542e-44
7.490251000000000658e+02 3.945210296913012346e-44
7.500249999999999773e+02 3.919036720999492871e-44
7.510249000000000024e+02 3.893071168305194737e-44
7.520248000000000275e+02 3.867311713154378137e-44
7.530247000000000526e+02 3.841756450210018949e-44
7.540246000000000777e+02 3.816403494232541430e-44
7.550244999999999891e+02 3.791250979841720683e-44
7.560244000000000142e+02 3.766297061281720010e-44
7.570243000000000393e+02 3.741539912189231327e-44
7.580242000000000644e+02 3.716977725364614564e-44
7.590240999999999758e+02 3.692608712546071410e-44
7.600240000000000009e+02 3.668431104186736410e-44
7.610239000000000260e+02 3.644443149234713286e-44
7.620238000000000511e+02 3.620643114915960906e-44
7.630237000000000762e+02 3.597029286519995038e-44
7.640235999999999876e+02 3.573599967188405902e-44
7.650235000000000127e+02 3.550353477706090935e-44
7.660234000000000378e+02 3.527288156295226693e-44
7.670233000000000629e+02 3.504402358411884776e-44
7.680231999999999744e+02 3.481694456545295777e-44
7.690230999999999995e+02 3.459162840019691053e-44
7.700230000000000246e+02 3.436805914798717834e-44
7.710229000000000497e+02 3.414622103292363449e-44
7.720228000000000748e+02 3.392609844166378229e-44
7.730226999999999862e+02 3.370767592154125870e-44
7.740226000000000113e+02 3.349093817870876713e-44
7.750225000000000364e+02 3.327587007630452817e-44
7.760224000000000615e+02 3.306245663264249237e-44
7.770223000000000866e+02 3.285068301942560802e-44
7.780221999999999980e+02 3.264053455998173067e-44
7.790221000000000231e+02 3.243199672752222937e-44
7.800220000000000482e+02 3.222505514342282638e-44
7.810219000000000733e+02 3.201969557552614282e-44
7.820217999999999847e+02 3.181590393646593526e-44
7.830217000000000098e+02 3.161366628201246560e-44
7.840216000000000349e+02 3.141296880943902934e-44
7.850215000000000600e+02 3.121379785590916901e-44
7.860214000000000851e+02 3.101613989688396560e-44
7.870212999999999965e+02 3.081998154454984108e-44
7.880212000000000216e+02 3.062530954626592103e-44
7.890211000000000467e+02 3.043211078303111183e-44
7.900210000000000719e+02 3.024037226797040948e-44
7.910208999999999833e+02 3.005008114484016610e-44
7.920208000000000084e+02 2.986122468655221482e-44
7.930207000000000335e+02 2.967379029371643458e-44
7.940206000000000586e+02 2.948776549320153098e-44
7.950205000000000837e+02 2.930313793671407796e-44
7.960203999999999951e+02 2.911989539939475991e-44
7.970203000000000202e+02 2.893802577843254592e-44
7.980202000000000453e+02 2.875751709169623389e-44
7.990201000000000704e+02 2.857835747638253272e-44
8.000199999999999818e+02 2.840053518768139487e-44
8.010199000000000069e+02 2.822403859745764813e-44
8.020198000000000320e+02 2.804885619294902636e-44
8.030197000000000571e+02 2.787497657548052931e-44
8.040196000000000822e+02 2.770238845919425054e-44
8.050194999999999936e+02 2.753108066979535014e-44
8.060194000000000187e+02 2.736104214331312213e-44
8.070193000000000438e+02 2.719226192487755962e-44
8.080192000000000689e+02 2.702472916751093482e-44
8.090190999999999804e+02 2.685843313093410526e-44
8.100190000000000055e+02 2.669336318038757101e-44
8.110189000000000306e+02 2.652950878546703896e-44
8.120188000000000557e+02 2.636685951897305618e-44
8.130187000000000808e+02 2.620540505577499099e-44
8.140185999999999922e+02 2.604513517168853541e-44
8.150185000000000173e+02 2.588603974236723182e-44
8.160184000000000424e+02 2.572810874220731190e-44
8.170183000000000675e+02 2.557133224326586272e-44
8.180181999999999789e+02 2.541570041419238983e-44
8.190181000000000040e+02 2.526120351917286609e-44
8.200180000000000291e+02 2.510783191688708298e-44
8.210179000000000542e+02 2.495557605947836809e-44
8.220178000000000793e+02 2.480442649153584838e-44
8.230176999999999907e+02 2.465437384908889053e-44
8.240176000000000158e+02 2.450540885861379819e-44
8.250175000000000409e+02 2.435752233605247732e-44
8.260174000000000660e+02 2.421070518584284062e-44
8.270172999999999774e+02 2.406494839996096102e-44
8.280172000000000025e+02 2.392024305697463073e-44
8.290171000000000276e+02 2.377658032110833572e-44
8.300170000000000528e+02 2.363395144131938195e-44
8.310169000000000779e+02 2.349234775038520800e-44
8.320167999999999893e+02 2.335176066400138640e-44
8.330167000000000144e+02 2.321218167989061728e-44
8.340166000000000395e+02 2.307360237692215678e-44
8.350165000000000646e+02 2.293601441424186937e-44
8.360163999999999760e+02 2.279940953041256060e-44
8.370163000000000011e+02 2.266377954256459031e-44
8.380162000000000262e+02 2.252911634555643263e-44
8.390161000000000513e+02 2.239541191114528003e-44
8.400160000000000764e+02 2.226265828716758167e-44
8.410158999999999878e+02 2.213084759672897861e-44
8.420158000000000129e+02 2.199997203740403148e-44
8.430157000000000380e+02 2.187002388044537235e-44
8.440156000000000631e+02 2.174099547000212386e-44
8.450155000000000882e+02 2.161287922234742639e-44
8.460153999999999996e+02 2.148566762511538436e-44
8.470153000000000247e+02 2.135935323654641362e-44
8.480152000000000498e+02 2.123392868474199803e-44
8.490151000000000749e+02 2.110938666692790686e-44
8.500149999999999864e+02 2.098571994872599992e-44
8.510149000000000115e+02 2.086292136343460311e-44
8.520148000000000366e+02 2.074098381131737702e-44
8.530147000000000617e+02 2.061990025890032034e-44
8.540146000000000868e+02 2.049966373827704240e-44
8.550144999999999982e+02 2.038026734642211069e-44
8.560144000000000233e+02 2.026170424451239119e-44
8.570143000000000484e+02 2.014396765725623474e-44
8.580142000000000735e+02 2.002705087223039482e-44
8.590140999999999849e+02 1.991094723922484362e-44
8.600140000000000100e+02 1.979565016959479186e-44
8.610139000000000351e+02 1.968115313562052472e-44
8.620138000000000602e+02 1.956744966987451871e-44
8.630137000000000853e+02 1.945453336459575976e-44
8.640135999999999967e+02 1.934239787107148671e-44
8.650135000000000218e+02 1.923103689902566801e-44
8.660134000000000469e+02 1.912044421601495103e-44
8.670133000000000720e+02 1.901061364683127754e-44
8.680131999999999834e+02 1.890153907291133944e-44
8.690131000000000085e+02 1.879321443175288730e-44
8.700130000000000337e+02 1.868563371633765525e-44
8.710129000000000588e+02 1.857879097456091705e-44
8.720128000000000839e+02 1.847268030866754651e-44
8.730126999999999953e+02 1.836729587469445274e-44
8.740126000000000204e+02 1.826263188191940270e-44
8.750125000000000455e+02 1.815868259231611906e-44
8.760124000000000706e+02 1.805544232001554381e-44
8.770122999999999820e+02 1.795290543077325268e-44
8.780122000000000071e+02 1.785106634144279890e-44
8.790121000000000322e+02 1.774991951945513305e-44
8.800120000000000573e+02 1.764945948230388503e-44
8.810119000000000824e+02 1.754968079703641352e-44
8.820117999999999938e+02 1.745057807975064033e-44
8.830117000000000189e+02 1.735214599509749545e-44
8.840116000000000440e+02 1.725437925578902503e-44
8.850115000000000691e+02 1.715727262211205278e-44
8.860113999999999805e+02 1.706082090144718815e-44
8.870113000000000056e+02 1.696501894779331833e-44
8.880112000000000307e+02 1.686986166129741209e-44
8.890111000000000558e+02 1.677534398778957096e-44
8.900110000000000809e+02 1.668146091832331268e-44
8.910108999999999924e+02 1.658820748872094758e-44
8.920108000000000175e+02 1.649557877912400804e-44
8.930107000000000426e+02 1.640356991354878826e-44
8.940106000000000677e+02 1.631217605944669577e-44
8.950104999999999791e+02 1.622139242726962851e-44
8.960104000000000042e+02 1.613121427004003919e-44
8.970103000000000293e+02 1.604163688292584356e-44
8.980102000000000544e+02 1.595265560282011553e-44
8.990101000000000795e+02 1.586426580792521048e-44
9.000099999999999909e+02 1.577646291734179487e-44
9.010099000000000160e+02 1.568924239066205765e-44
9.020098000000000411e+02 1.560259972756779315e-44
9.030097000000000662e+02 1.551653046743255865e-44
9.040095999999999776e+02 1.543103018892845955e-44
9.050095000000000027e+02 1.534609450963712124e-44
9.060094000000000278e+02 1.526171908566502964e-44
9.070093000000000529e+02 1.517789961126299378e-44
9.080092000000000780e+02 1.509463181844987743e-44
9.090090999999999894e+02 1.501191147664033829e-44
9.100090000000000146e+02 1.492973439227675910e-44
9.110089000000000397e+02 1.484809640846512650e-44
9.120088000000000648e+02 1.476699340461483549e-44
9.130086999999999762e+02 1.468642129608263086e-44
9.140086000000000013e+02 1.460637603382010081e-44
9.150085000000000264e+02 1.452685360402527266e-44
9.160084000000000515e+02 1.444785002779791014e-44
9.170083000000000766e+02 1.436936136079847466e-44
9.180081999999999880e+02 1.429138369291097734e-44
9.190081000000000131e+02 1.421391314790916153e-44
9.200080000000000382e+02 1.413694588312669788e-44
9.210079000000000633e+02 1.406047808913058063e-44
9.220078000000000884e+02 1.398450598939829253e-44
9.230076999999999998e+02 1.390902583999832016e-44
9.240076000000000249e+02 1.383403392927418161e-44
9.250075000000000500e+02 1.375952657753178966e-44
9.260074000000000751e+02 1.368550013673023510e-44
9.270072999999999865e+02 1.361195099017588326e-44
9.280072000000000116e+02 1.353887555221966410e-44
9.290071000000000367e+02 1.346627026795777507e-44
9.300070000000000618e+02 1.339413161293537597e-44
9.310069000000000869e+02 1.332245609285366911e-44
9.320067999999999984e+02 1.325124024327991679e-44
9.330067000000000235e+02 1.318048062936066731e-44
9.340066000000000486e+02 1.311017384553802528e-44
9.350065000000000737e+02 1.304031651526887171e-44
9.360063999999999851e+02 1.297090529074719801e-44
9.370063000000000102e+02 1.290193685262918563e-44
9.380062000000000353e+02 1.283340790976149678e-44
9.390061000000000604e+02 1.276531519891213647e-44
9.400060000000000855e+02 1.269765548450436382e-44
9.410058999999999969e+02 1.263042555835335902e-44
9.420058000000000220e+02 1.256362223940567308e-44
9.430057000000000471e+02 1.249724237348140583e-44
9.440056000000000722e+02 1.243128283301915941e-44
9.450054999999999836e+02 1.236574051682360783e-44
9.460054000000000087e+02 1.230061234981579727e-44
9.470053000000000338e+02 1.223589528278600274e-44
9.480052000000000589e+02 1.217158629214918600e-44
9.490051000000000840e+02 1.210768237970312937e-44
9.500049999999999955e+02 1.204418057238892675e-44
9.510049000000000206e+02 1.198107792205410586e-44
9.520048000000000457e+02 1.191837150521817236e-44
9.530047000000000708e+02 1.185605842284066813e-44
9.540045999999999822e+02 1.179413580009159925e-44
9.550045000000000073e+02 1.173260078612414661e-44
9.560044000000000324e+02 1.167145055385005734e-44
9.570043000000000575e+02 1.161068229971701522e-44
9.580042000000000826e+02 1.155029324348854259e-44
9.590040999999999940e+02 1.149028062802612510e-44
9.600040000000000191e+02 1.143064171907359669e-44
9.610039000000000442e+02 1.137137380504374988e-44
9.620038000000000693e+02 1.131247419680719140e-44
9.630036999999999807e+02 1.125394022748332102e-44
9.640036000000000058e+02 1.119576925223351837e-44
9.650035000000000309e+02 1.113795864805642564e-44
9.660034000000000560e+02 1.108050581358542206e-44
9.670033000000000811e+02 1.102340816888804612e-44
9.680031999999999925e+02 1.096666315526758721e-44
9.690031000000000176e+02 1.091026823506669597e-44
9.700030000000000427e+02 1.085422089147299218e-44
9.710029000000000678e+02 1.079851862832666291e-44
9.720027999999999793e+02 1.074315896993004934e-44
9.730027000000000044e+02 1.068813946085918283e-44
9.740026000000000295e+02 1.063345766577721018e-44
9.750025000000000546e+02 1.057911116924980282e-44
9.760024000000000797e+02 1.052509757556234077e-44
9.770022999999999911e+02 1.047141450853906193e-44
9.780022000000000162e+02 1.041805961136397731e-44
9.790021000000000413e+02 1.036503054640364958e-44
9.800020000000000664e+02 1.031232499503177741e-44
9.810018999999999778e+02 1.025994065745550620e-44
9.820018000000000029e+02 1.020787525254357944e-44
9.830017000000000280e+02 1.015612651765616546e-44
9.840016000000000531e+02 1.010469220847640781e-44
9.850015000000000782e+02 1.005357009884373807e-44
9.860013999999999896e+02 1.000275798058886890e-44
9.870013000000000147e+02 9.952253663370232015e-45
9.880012000000000398e+02 9.902054974512534507e-45
9.890011000000000649e+02 9.852159758846409158e-45
9.900010000000000900e+02 9.802565878550022531e-45
9.910009000000000015e+02 9.753271212992197726e-45
9.920008000000000266e+02 9.704273658577039384e-45
9.930007000000000517e+02 9.655571128590184136e-45
9.940006000000000768e+02 9.607161553046578180e-45
9.950004999999999882e+02 9.559042878539764568e-45
9.960004000000000133e+02 9.511213068092700098e-45
9.970003000000000384e+02 9.463670101010020939e-45
9.980002000000000635e+02 9.416411972731855285e-45
9.990001000000000886e+02 9.369436694688988898e-45
1.000000000000000000e+03 9.322742294159583918e-45
